-7.310580802800648925e+00 -2.620813694675363514e+00
5.114142181980712465e+00 7.593367029290156722e-01
3.727570666089736307e+00 5.053261816811680657e-03
6.329175788489616927e+00 -9.615632263388214085e-01
-3.598990595135042270e+00 7.414825724701692433e-01
-7.561892158678421794e+00 6.426701621890662519e-01
2.665046077229044297e+00 3.192104386061950239e-01
-5.228229805187563528e+00 2.775720557171844849e+00
-5.552246304613720262e+00 -1.636675126110764822e+00
4.245761418850308111e+00 1.086541194073806116e+00
-2.927539105601864033e+00 1.713629180163014132e+00
3.647083766623409051e+00 1.491940273891421143e+00
3.507179475805899393e+00 9.413802120618562919e-01
5.707427832780455290e+00 -3.403758897587349508e-01
2.390971584004052186e+00 2.542408833386731626e+00
4.863934549415008135e+00 8.855954592706435369e-01
3.671301592435055383e+00 7.274707756270729631e-01
-2.590826850294341899e+00 -1.587823299101647434e+00
-7.599014426761288021e-01 -2.659452118960192474e-04
-4.753429250132886530e+00 3.286088802752043514e-01
-2.425169156701702633e+00 1.570374198021836198e+00
-3.384216383475851408e+00 -1.445565670564429583e-01
6.961581548303026779e+00 -9.401404943510305312e-01
4.674232030311689989e+00 1.010716554582314908e+00
-5.348693044096584970e+00 7.084093207945817150e-02
3.090859694159656446e+00 3.388388165809941288e-01
-4.741554425333945666e+00 3.607341917106758000e+00
1.736562045972226187e+00 8.527340944308405835e-01
4.227945549131100655e+00 2.334468996191156054e-01
5.130711113023461500e+00 -2.853370042989841759e-01
4.549357252759751447e+00 -5.375096321004173283e-02
-3.438823624864070450e+00 1.513143704657265443e-01
-2.515434091262080063e+00 -6.739749817378913876e-01
-4.066297121067968590e+00 -1.402553775370224964e-01
4.285239398446495152e+00 1.856181155004165140e-01
2.306485331898747049e+00 2.245819483526497184e-01
-9.118867934428351418e+00 8.514262020607713533e-01
3.206358672239776553e+00 1.964898218235811456e+00
4.957880677864228147e+00 -9.372060041383345474e-01
-8.181279326428626320e+00 -1.095404109369217727e+00
5.802962482930788646e+00 -5.416725289165025270e-01
-5.033398888226398249e+00 -2.350439502084262333e+00
-3.490634702801008515e+00 -1.118865698413393117e+00
4.240943373587684917e+00 -6.367717308778350072e-01
-2.328805011385689738e+00 1.588302401367209349e+00
-3.449668242965281184e+00 -1.083991205793300300e-01
2.940778663264911774e+00 2.643993398664023498e-01
-4.975034775235234186e+00 2.345447524676724349e+00
3.919280860349013462e+00 1.413861361709611408e+00
-5.979908397616792826e+00 -1.251636085447071778e-01
4.601845970980567024e+00 6.484186894191392714e-01
-3.584507153797244605e+00 4.736111801590224823e-01
-2.951451894881489846e+00 -7.596156187352240963e-01
-5.290630445018488892e+00 -1.779739394272901620e+00
2.797212777063548650e+00 1.500724908942577152e+00
5.615252532181020051e+00 -9.137785690088238155e-01
6.875497415209247620e+00 -4.204181038340276122e-01
4.045991848223145837e+00 6.496408032554610301e-01
3.186531890253700094e+00 3.286435134227397303e-01
3.921411170783732025e+00 -5.779457331390557284e-01
5.284068086804916575e+00 -1.062390802627011466e+00
-4.245278046063369892e+00 1.462760876238066610e+00
4.542213701531613523e+00 -1.163279921932239558e-01
2.408012116325257246e+00 1.061021920151969500e+00
3.344904106552223588e+00 2.091786124463189012e+00
-2.995563533127103550e+00 1.652301611336920883e+00
4.742441304043731876e+00 1.002330053863218495e+00
4.765641778252358129e+00 -6.070498741404213305e-01
-5.728118815889276405e+00 1.481353425503217025e+00
4.930371754650599847e+00 4.118919850323661813e-01
4.066377241284103938e+00 -8.881450473341938323e-02
-6.048508182227502417e+00 -7.347805102124579379e-01
-5.371047181618568089e+00 3.035650842799016980e-01
4.146765185268421305e+00 8.781855245747761662e-01
-2.903158872044128369e+00 -9.597666326749617616e-01
4.376619754608586987e+00 4.077722591437784039e-01
-3.830626174202888645e+00 6.470094325034547733e-01
6.006458653853473884e+00 -6.582025031823116601e-01
-4.779808810047955880e+00 -2.426794756360359351e+00
5.303917536650280873e+00 7.206175324374042290e-02
-2.963104062959428298e+00 1.581755890399293873e+00
-4.353852762301899659e+00 3.528885707089020496e+00
6.031721078367714206e+00 -1.196592245290900580e+00
1.676118063802726876e+00 1.590333746578177054e+00
-6.918485066334492117e+00 -3.580268224268721600e+00
-6.225464952333589430e+00 3.270022838941729626e-01
2.957986857738705400e+00 6.938893275737492705e-02
6.840017409806934623e+00 -2.681475132487346480e-01
5.125517586044511908e+00 -5.678002892086118081e-01
-5.943165105075468801e+00 8.854554066958812975e-01
-4.902762807002428502e+00 1.007266692848130862e+00
-4.773468756706689575e+00 -3.151377690015227717e+00
-5.170836631477754075e+00 3.415469454173315267e+00
-2.157935995059115264e+00 -9.680918236133562171e-02
-2.856259456350372261e+00 8.587987302325988948e-01
4.246043492116725382e+00 3.289704425188238468e-01
-4.600943557383684102e+00 1.361681478492235697e-01
-4.954107768015219904e+00 -1.585266739268068159e+00
-6.486713101725317898e+00 -1.987407847529214788e-01
4.335882290640952874e+00 4.873013992795416360e-01
1.644333459647572493e+00 1.102814179127241223e+00
-9.265512694856168352e-01 -6.848701851308084398e-01
-1.755752895605692476e+00 9.287206313471609853e-01
-5.934874794127160236e+00 -7.700632067224310040e-01
-3.945003428882345453e+00 1.667260785212569152e+00
3.465608001804798555e+00 2.182633892968309714e-04
4.595432099589068287e+00 -3.543342234728044660e-01
-1.507217403241101650e+00 2.790001760376125794e+00
-3.758525986004586983e+00 -2.000639747575467808e+00
-6.483972292767386847e+00 -6.570717791932682850e-02
-8.360134957270979328e-01 -1.054568114659641731e+00
-3.164445362735825995e+00 1.422403734386062490e+00
3.600148689288579895e+00 2.081720960361842732e+00
5.583330641737596522e+00 4.750303192485489934e-01
-5.266760845205907593e+00 4.259647992533863170e-01
1.523205975329998907e+00 7.815547738364634345e-01
4.791250571498382627e+00 7.095346669676284856e-02
6.412818859334673327e+00 -1.170622069112066344e+00
-5.361679983804100935e+00 -2.047637877867152678e+00
-4.581216794623390598e-01 -8.746802689686720977e-02
5.964140876476059283e+00 4.761422737259130566e-01
-7.140399130064723821e+00 2.178021469188133608e-01
-3.726414810610176875e+00 -1.064957037710600130e+00
-5.548503715027003125e+00 -2.883996431039505648e+00
-2.076357905662114867e+00 1.955479192812446421e+00
3.592483568040144348e+00 -1.104724626495030004e-01
-2.498008989923717671e+00 1.865230013573394574e+00
4.338831164326830248e+00 6.367399868021125231e-01
7.275453058929524097e+00 -2.377886511351283261e+00
-5.869441834174420336e+00 -1.813036783266074092e+00
4.677521097475085377e+00 -1.003397071871727553e+00
4.179214509155797508e+00 8.063518262124064195e-01
4.174048666015181652e+00 2.115206406232570946e-01
-4.860954815404155305e+00 -1.793028183045401347e+00
-4.709887210322559525e+00 8.769546738758882132e-01
-3.317134030968577285e+00 9.409297245983954117e-01
-3.177247235807497905e+00 -2.229206404988270496e+00
2.424788835848444180e+00 1.853133174652761950e+00
-4.175923872687090643e+00 -1.216613911396908110e+00
-1.804370672643909046e+00 9.500004784706925776e-01
4.634503796260355024e+00 -4.303026745323033087e-01
3.345039367202014002e+00 1.092804789299675949e+00
-4.338936155593815513e+00 3.406467014650535474e-01
2.378156885946530075e+00 8.853415270936151327e-01
5.686404843321277269e+00 1.636957919296722352e-01
-3.177793587739839332e+00 -2.322773470947632646e+00
-3.228086533851382889e+00 5.357167428373984519e-01
-4.667512813580891873e+00 -3.044205148136366557e+00
3.566217907588840941e+00 1.063602785224621039e+00
4.965725130545957988e+00 1.394554561794145164e-01
2.737262033630694091e+00 1.935907285798256883e+00
-2.225934090849669644e+00 -4.799285296675999679e-01
5.309983867020452664e+00 2.044612933590543857e-01
2.873673333412598119e+00 1.011594847334327030e+00
3.942824792575681414e+00 2.330694994728130590e-02
4.991713578261808948e+00 4.631325455240241640e-01
-2.153995470462066297e+00 -2.064289170151990815e-02
5.982590068864050536e+00 -5.424285440585441265e-01
-4.945979960147372623e+00 -1.102158276716505458e+00
-3.488439495100518428e+00 -8.115897611061601014e-01
-5.831517550382952386e+00 -1.089954018948246173e+00
6.253205802131548197e+00 3.391447260977632494e-01
-2.746842458311143265e+00 -1.117172994921413975e+00
3.732888651978891303e+00 1.077319456561915745e+00
4.330730782156372527e+00 3.450011503254075129e-01
5.301157508182215317e+00 -6.630737173978968890e-01
5.187803605098223692e+00 -6.908817588605840054e-01
4.836269962941001310e+00 -1.034067140041761368e+00
3.817357501489012428e+00 1.114026750242938846e+00
5.150409860266692341e+00 9.371346338509356846e-03
4.218661961308654007e+00 5.311699329550340076e-01
-5.471584983434215843e+00 1.454479825982695873e+00
4.145983613480064278e+00 7.510731994221088170e-01
-4.153617792089952410e+00 -3.517052187867207191e+00
3.784897671942283992e+00 -1.511566175084886554e+00
3.407146617753419982e+00 1.758322733903480817e+00
3.709539822023278255e+00 1.788548036738166092e+00
6.989554110869650394e+00 -4.481533394939881676e-01
6.398647202411959611e+00 -1.273965532467334238e+00
-5.283771142908731733e+00 -2.564092032799739074e-01
5.344958999118839316e+00 -1.107592027518967237e+00
4.882615925659477440e+00 -2.175104674739981869e-01
-2.288604059371263766e+00 9.900156438371620071e-01
5.794635376745413069e+00 -4.204586485294790621e-01
-3.834726397755739313e+00 9.313993852882832547e-01
