-3.030262371962816559e+00 3.199856363587959773e+00 7.293119345369698969e+00
-3.070812055033684818e+00 7.202855914081960353e-01 7.079554090748682249e+00
3.247479587346774110e+00 5.702981045433011431e+00 -1.510104582399674822e+00
3.402310242323576261e-01 3.872977707839402761e+00 -1.265892019955862313e+00
-2.478642689849363201e+00 2.487815169822712669e+00 6.274309098617848690e+00
3.075343185196401929e+00 4.905370054023190818e+00 -2.162430541123197436e+00
3.033535269408087487e+00 5.263927898724059418e+00 -3.103044195845384934e+00
1.914717549884398240e+00 4.063056436204936617e+00 -3.197699737656208185e+00
4.162202542378305559e+00 5.709121308523942950e+00 -8.364053070444579241e-01
4.184308595913666551e+00 6.306373982043256277e+00 -1.940215324087911197e+00
-3.709994922568708553e+00 8.055797659123169474e-01 6.657317014892849549e+00
-3.210112580128246407e+00 2.130992764424272767e+00 -1.927107634325067931e+00
3.740996548321025017e+00 5.696926183360954354e+00 -1.786873309513979713e+00
4.600379826364854097e+00 4.799536092703633905e+00 -1.023047381307831127e+00
-2.439402504450264075e+00 2.774557690171978841e+00 7.784262985762778086e+00
5.289659711125269226e+00 5.940584287513759776e+00 -2.459765191238607152e+00
4.123166015503183957e+00 5.517404804914376015e+00 -2.550357906732072077e+00
1.948039429273549450e+00 3.712762219959597321e+00 -1.373786949735942731e+00
4.789805294273225655e+00 5.323704772879081837e+00 -4.745133760479726348e+00
-1.631115843183730263e+00 2.822722158185731356e+00 3.032046424831635889e-02
-1.556446193045950110e+00 3.451042377400844963e+00 -3.607317208428617583e+00
4.926752735934403660e+00 5.571922261861838699e+00 -2.840225954996289381e+00
2.301719174292979897e+00 4.721416468378010656e+00 -1.570012259740874105e+00
-3.668877652912155618e+00 3.130876114089540252e+00 4.105532913270573125e+00
5.508927404317518040e+00 5.812811919362318669e+00 -2.177584987354040269e+00
-2.936774161320296450e+00 3.601591417859878685e+00 7.804052789510409482e+00
-6.119247947913107666e+00 2.729777446270353014e+00 2.152586697598982024e+00
2.619855460023823301e+00 4.412688872306823384e+00 -2.643666464413457540e+00
5.104407504921759653e-01 3.863552011045686463e+00 -3.698070837654896081e+00
3.980036891866000737e+00 5.301018016874294858e+00 -4.658589162927109228e-01
-7.354393382138762369e+00 1.950887604126472885e+00 2.400872690042434865e+00
5.102255810430504468e+00 5.699846929355330438e+00 -1.696354106598755518e+00
3.600800282710410194e-01 3.840471512108416974e+00 -3.071634409306991387e-01
-4.126390973715187371e+00 7.692865581009358245e-01 6.437068656799856292e+00
4.916330359327107935e+00 5.939006121527881099e+00 -5.191300156578746439e-01
1.077254270902797462e+00 4.221249699315197113e+00 -4.765978625440154826e-01
5.605190615932758469e+00 5.918314553723069693e+00 -1.293970174880138213e+00
3.171146256515618767e+00 5.464401357537288284e+00 -2.559601523519142940e+00
4.316189246531791923e-01 4.724600390701692909e+00 -3.354178064135218573e+00
-3.938641182520320250e+00 -7.855896113050073737e-01 7.001008453044740065e+00
4.150315476462720810e+00 5.428397598439747895e+00 -2.064734018297404550e+00
2.861982633882579119e+00 4.603872697778325751e+00 -2.849649599001178313e+00
1.369488145732616458e+00 4.122516601840201744e+00 -1.238878277302200903e+00
-4.896768603532909658e+00 3.923835920643621300e+00 5.330670965966732844e+00
2.438542465300661100e+00 5.210117086956846499e+00 -1.319386900642621541e+00
-3.372126891412380978e+00 3.864278518670118956e+00 6.992142201441943428e+00
8.576518663737808801e-01 4.154373092034346904e+00 -2.212095351331758053e+00
-6.568150347428680647e-02 4.001248786296818238e+00 -2.245286136194110771e+00
-4.110232459041040620e+00 3.308185322023682318e-01 5.934128825268475182e+00
-7.662962546557783305e-01 3.750632063147241624e+00 -2.374018353287346450e+00
1.315526760412696339e+00 3.942552839435609080e+00 -1.861170314539906556e+00
9.755705783629800010e-01 2.591408328347028167e+00 -1.272875308655034843e-01
4.561901767697788657e+00 5.311737062343619975e+00 -3.144244796430945232e+00
-4.794740223138449053e+00 1.275817374598909648e+00 4.443677017549738650e+00
2.896806824014213522e+00 3.927185341418898190e+00 -1.248784262579334170e+00
4.466645897003547638e+00 6.164933616396860216e+00 -2.043315824568155747e+00
3.325659650028514491e+00 4.477636407866370405e+00 -4.368589049343363229e+00
4.326281318370400975e+00 5.345868978448851117e+00 -1.911704966129488481e+00
-4.093342429480265388e+00 2.164279753044168864e+00 6.484103873623276115e+00
7.742916042209186500e+00 7.025092568868083198e+00 -2.112869496744282927e+00
1.175686099330488288e+00 4.238867425108675313e+00 -1.633909834267874839e-01
2.872668549292308526e+00 5.052738718449016453e+00 -2.249714531589279698e+00
4.216104095046412148e+00 5.705065086276206010e+00 -1.940342929655556103e+00
-2.024820685615405402e+00 3.920325964179630418e+00 -1.113167828621867805e+00
2.668417193168438395e+00 5.116534819613401730e+00 -2.723049662603687082e+00
2.742862643148368029e+00 4.830963011697694043e+00 5.082974909330042479e-01
3.826663978107216479e-01 4.084086531300092915e+00 -1.810960390724032587e+00
-1.960301781303551483e+00 4.532752783236464467e+00 8.456005312896872184e+00
2.750308738671312980e+00 4.014842697623329570e+00 -1.588154768080098256e+00
2.820178591779563426e+00 4.867424654605613910e+00 1.743271575228435566e-01
5.132952549711187196e+00 5.861050589848056269e+00 -2.234504346687647303e+00
-4.768152006991446257e-01 4.398883388509613468e+00 -2.449925668480543273e+00
-2.243811656024202961e+00 2.252127354006901783e+00 7.790702012460235082e+00
2.938970634225250400e+00 4.749704524185783150e+00 -8.265696865504548185e-01
-4.306269002082383501e+00 3.454066981977814699e+00 5.123292368704750466e+00
4.450127757919823068e+00 6.376325801642630964e+00 1.368076163582232496e-01
9.062355601833664842e-01 4.935965496969053845e+00 -1.786593664173806051e+00
5.602101118775415500e-01 3.928191125499479242e+00 -1.046927941878224466e+00
1.846025126558870300e+00 4.257764048507649335e+00 -2.670890211489609811e+00
-7.039459567853924682e+00 1.914158995987985667e+00 2.068111010320187404e+00
-3.108684065739742763e+00 4.977038512681044580e+00 7.019263650922512809e+00
2.342054929092381776e+00 4.393415555568537911e+00 -2.397002933116373136e+00
-4.959593530653227056e+00 8.817045745898799414e-01 4.548191555866328173e+00
2.387037748924236702e-01 3.844074766722196390e+00 -2.224704471147275875e+00
4.815454177160621185e+00 5.760474222505942876e+00 -2.928737447567027807e+00
1.905854320097262189e-01 3.560471859155293295e+00 -2.998427191501055411e+00
2.252793475893562380e+00 4.173080124806713975e+00 -3.475792144067974654e+00
7.646582208810603909e-01 3.697076138137661339e+00 -2.061557876321777005e+00
-3.383951298730472068e+00 1.995168461705181695e+00 -1.346276329374918479e+00
2.916650992913160767e+00 4.606734824977783305e+00 -1.488971176466290736e+00
2.897888830363721357e+00 5.902967041409661775e+00 -2.332137768457958504e+00
3.125513098416913493e+00 5.148267271958649083e+00 -1.878190309251669410e+00
3.283618494489739525e-01 3.470109050089742908e+00 -5.687239120040274987e-01
2.167301471210350883e+00 5.002325679668721214e+00 -3.412411764223133304e-01
4.430264743792424298e+00 5.942904332308296844e+00 -1.486344869683252412e+00
4.391350653415613259e+00 5.545938167896117044e+00 -7.645650668639460967e-01
7.670407627001107898e-02 3.871947715029916637e+00 -1.441328884458217718e+00
2.792067264432586349e+00 4.827751436930038942e+00 -2.887815917681751721e+00
3.157193585911600930e+00 5.096268938794675130e+00 -3.877162831395360776e+00
-5.185241356311039773e+00 1.710130127692758739e+00 5.188929887498590077e+00
1.168155160265333947e-01 3.943063681769004347e+00 -7.853918596798654672e-01
2.146325234429139250e+00 4.425494807123849128e+00 -4.154271096015518250e-01
-3.096934989694827944e+00 1.964489924096995521e+00 6.583268736779544383e+00
1.855312688495889928e+00 4.807204965958861820e+00 -7.544706374831531281e-01
-1.230007377857741169e+00 3.279214043492231667e+00 -9.759062382963556992e-01
7.426512254559427539e-01 4.625757062052255897e+00 -7.894356313436006189e-01
1.740490824591822916e+00 4.243626595575955562e+00 -5.083575291620101577e-01
1.839055002430572516e+00 4.612738139506824986e+00 -3.293151139054336873e+00
-3.005084827757777077e+00 -1.053797380556622088e+00 5.189919245688600746e+00
-5.244282517025969703e+00 1.010014826293645696e+00 4.365821149644625976e+00
3.218583309007452264e+00 5.373619112363998696e+00 -2.392071306460598290e+00
-1.841781613149294117e+00 2.477752021300078322e+00 -1.479307228289310716e+00
1.204988818595694733e+00 4.968182800095862994e+00 -2.048451125881958212e+00
3.509530314547912866e+00 6.796518394826607690e+00 -1.432960364139948872e+00
-4.482138495486000629e+00 2.046931026987616420e+00 6.060169693081276954e+00
4.249543574092768949e+00 5.561724418227863787e+00 -2.901854255060290377e+00
-2.319220397122800037e+00 1.349611590970423158e+00 8.913415981924568854e+00
1.892014602270850610e+00 5.093154839382357579e+00 -1.085034539417870647e+00
3.620510816277493049e+00 4.730867402995528437e+00 -3.880506952901295215e+00
3.564475562917495566e+00 5.397305895201299109e+00 -2.645594769221569109e+00
-4.369761511225124906e+00 8.380578956112616495e-01 5.863429035111773935e+00
-3.498407805276825044e+00 2.955391650237626067e+00 5.145763654820409982e+00
-5.099698715328271348e+00 1.685141813025191171e+00 4.498170844021819548e+00
3.310209716558023096e+00 4.581227781509046082e+00 -2.860083157821652122e+00
2.625971426292408761e+00 4.864324183034358207e+00 -2.986630273326452922e+00
-4.087150912896508004e+00 1.539003837555978471e+00 6.824760501441034855e+00
-1.282008497398006597e+00 3.128890151207964543e+00 -8.425771907051116116e-02
-3.492883774370715066e+00 -2.212750512208589981e-01 7.282491440404716521e+00
2.517074522755242239e+00 5.153030281667269286e+00 -1.589498376040863858e+00
-4.974338551354055227e+00 -1.739431695073636597e-01 5.299163883156605692e+00
-4.906541903655304182e+00 -3.220541042101734419e-01 3.415644220558962996e+00
-2.248247473004858499e+00 2.020896529096253058e+00 6.346515903596564812e+00
-5.398056295810632399e+00 3.363418817842297237e+00 4.148790678718716762e+00
-1.706519039308025398e-01 3.499184665372458980e+00 -3.703313842446668502e+00
2.209884416090321935e-01 3.790051124388002624e+00 -1.538085918415023956e+00
3.064545779987513985e+00 5.130504670716112159e+00 -1.892735720602829907e+00
2.571824087944723836e+00 4.730536872145155058e+00 6.533929639210311890e-02
2.784319557144195212e+00 4.430463682278011461e+00 -2.717266836480072723e+00
2.188922439027733979e-01 3.618201692366409539e+00 2.870895535421056799e+00
3.565400390174605860e+00 4.565439989990441205e+00 -2.978720402316959781e+00
5.002391586099537157e-01 3.772294762904610188e+00 -4.018136630446122126e+00
-3.292789359316952602e+00 4.604007578381075660e+00 6.935141324638176563e+00
-5.285219673333091173e+00 3.985642936411980308e+00 5.598156165719226252e+00
3.553371447779425374e-01 3.721665728485916702e+00 -3.655866440195087996e+00
5.225095697433435049e+00 6.771806306828206168e+00 -1.831922653014635971e+00
1.808653196246484240e+00 5.101526113859697453e+00 -1.601636939627085976e+00
2.677541711698614435e+00 4.543110153399291029e+00 -3.426278889581106935e-01
1.096468949697460005e-01 3.672658319185627462e+00 -1.779709142035505343e+00
-4.367248303275037991e+00 1.975449072313398835e+00 6.134314747978126370e+00
-4.012673185628021777e+00 4.053899896323184926e+00 7.373387802869464380e+00
-6.498432171325843498e+00 2.375110831360236929e+00 1.567794976110839400e+00
2.716725205103413199e+00 4.443099320704682498e+00 -3.291722026490655928e+00
-4.503637574279180988e+00 2.617842993499472470e+00 4.206855877531636700e+00
1.930058288119851806e+00 4.726313492603381405e+00 -2.949659897269168773e+00
-4.619338418857535267e+00 3.115828817719097366e+00 7.117325907367899163e+00
-4.228193719438895215e-01 4.394410140597313941e+00 -4.521409305387869892e+00
3.133044531444788561e-01 4.417251135933600636e+00 -2.798617890746833758e+00
3.025397374586125565e+00 5.352911700023992303e+00 -8.712826212471935783e-01
2.982786313846232495e+00 4.218479955970755313e+00 -8.773878535613603979e-01
2.077590590532987669e+00 4.831328412421886931e+00 -3.817825714063798337e-01
3.278259963948669142e+00 4.399118339700157421e+00 -3.434740413116176505e+00
3.067288248471046863e+00 4.736666106600765147e+00 -3.053319611128752609e+00
2.416477334903179397e+00 4.625297084768893008e+00 -3.223096778973269849e+00
-5.152971705282880954e+00 1.812358846869196016e+00 4.532856172853632515e+00
-1.744855796175047935e+00 3.214523014487260077e+00 9.336619862496917222e+00
1.400009329801939817e+00 3.301770967614107821e+00 -1.715431360083096601e+00
-2.650166092891723224e+00 8.050956215691904561e-01 6.524094509608428183e+00
-5.178734125321675208e+00 1.960689891305565924e+00 5.640096729102734407e+00
-3.563504221268114058e+00 1.377518793494077798e+00 7.371440929589839541e+00
2.038440403680557012e+00 5.631127354218331327e+00 -1.645717812458531437e+00
4.642311378130546728e+00 5.701414080155624120e+00 -8.059317429836017066e-01
2.782280722748574409e+00 5.324717001984313747e+00 -2.638897003193514834e+00
5.105307946913137052e+00 6.257318131502133340e+00 -2.252098625427258138e+00
-4.061516525858842819e+00 5.297114684695918285e+00 6.164448700926944191e+00
-5.054898626579803711e+00 -7.424526694350315204e-01 4.849927171766472256e+00
7.902652733109487571e+00 6.490638604184506555e+00 -2.809805376177382463e+00
-5.428704728303574534e+00 3.582037380218339173e+00 3.333156133956938216e+00
3.186331927031043953e+00 5.468626119640858541e+00 -2.406865234060948655e-01
4.550870574951122016e+00 5.685208685506210280e+00 -1.275831057651349409e+00
1.506602992765662341e+00 4.405345692363957788e+00 -4.097748424562093206e-01
-2.496341262931279559e+00 -1.388100649241272411e+00 7.920443509480183053e+00
1.800389326679442181e+00 4.197612172317349177e+00 -1.364670700955162630e+00
-3.551242244760054234e+00 1.200237872199404698e+00 5.585039032580406015e+00
1.769863757341627597e+00 3.859021724319035229e+00 -3.328811417427713693e+00
4.621670660022397570e+00 5.906865860566132831e+00 -2.261878633717653297e+00
-4.410805531111221534e+00 3.512624421093427429e+00 7.361168870761916061e+00
1.768754166607204636e+00 4.671868980036535390e+00 -2.644464778542010563e-02
2.100014983683752945e+00 4.861010314219192274e+00 -2.098832977797369104e+00
2.561753858882253265e+00 5.313394264388064059e+00 -7.880223410587894328e-01
-5.591877256155353138e-02 2.866285406199132524e+00 -2.108837046717310759e+00
-6.921947307645783809e+00 6.791261779950152899e-03 1.707688301564280309e+00
4.290147132278263165e+00 6.381467244768463942e+00 -1.686752964387738363e+00
4.891232443996003099e+00 5.370876661435127986e+00 -3.103951148035538843e+00
2.890212711227651887e+00 5.204344511270101670e+00 -4.031946896654934331e-01
1.597409727880947372e-01 3.580260418591229232e+00 -1.506798322387865818e+00
-3.530408006975906510e+00 2.742377742282697817e+00 6.167213604952177519e+00
2.766067217639060605e+00 5.198656299385375767e+00 -2.552139288968493069e+00
-3.452557603700521227e-01 3.150401900990226434e+00 -1.627104700037726781e+00
5.905543240938203375e+00 6.111620120922561128e+00 -1.924614512208568051e+00
9.684656750503961575e-02 4.678486560048947140e+00 -3.285418737927946253e+00
1.080339907587411608e+00 3.724934902314359864e+00 4.086539966927604794e-02
4.712942439169196085e+00 6.025188510950781229e+00 -1.159670005149100902e+00
2.164717184206880418e+00 4.619963180246950074e+00 -1.585967755061989282e+00
3.763820458417604709e+00 5.442683978789405685e+00 -2.818181195857675014e+00
3.873243192262545431e+00 5.056339545661828083e+00 -3.767209723454070236e+00
1.792881731980894511e+00 3.504861882730643252e+00 -2.301694108336334033e+00
7.579795779043092097e+00 6.995067776808239657e+00 -2.079674797592439894e+00
4.076158328563058930e+00 5.017838408307665254e+00 -6.147790525285672381e-01
1.516487466235135306e+00 3.948057814120910614e+00 -2.723468648187423291e+00
1.814417615646442439e+00 4.130185266256635401e+00 -2.142997882220432082e+00
-4.952474981267474874e+00 4.524886173159012870e+00 5.342168170908796476e+00
1.250742926302415015e+00 3.894824509692845105e+00 -2.732778672393141761e+00
1.271489373453075222e+00 4.520516781286126218e+00 -2.099167456667883958e+00
5.495279367466774367e-01 4.475290678021765167e+00 -9.400128143715886786e-01
-6.931893082898294978e-01 3.001773527023057220e+00 5.609048117776023190e-01
4.045211461442277390e-01 2.817361840817357965e+00 -1.752963652428379149e+00
-4.461552342799823379e+00 2.805989160470904409e+00 5.571711048791643250e+00
2.169264563013654890e+00 4.158138128636851505e+00 -1.970864758913457138e+00
-6.006751699053911153e+00 3.399495899230024154e+00 2.530853154394308469e+00
4.753467674729344061e+00 5.634935987222148945e+00 -1.885721889732931977e+00
1.717828558062937105e-01 4.178127245774846621e+00 -1.599134278069846982e+00
5.017020152880990125e+00 6.236522402436706081e+00 7.066871506727210317e-01
2.828440392249891300e+00 5.060506382672461889e+00 -2.410363590083268726e+00
2.363383231058847400e+00 5.214907563443089700e+00 -1.462467334595185076e+00
2.309197765492843946e+00 4.916114526177063127e+00 -1.608212539296384191e+00
2.055343039089839952e+00 5.237965008936347644e+00 -1.825979971818955327e+00
6.213012890921454812e+00 6.719811143337393489e+00 1.994887997863923346e-01
1.726265603474478549e+00 4.078120058720680952e+00 -2.400986033869888292e+00
-1.863408054334855901e+00 6.141549736714773111e-01 7.788112552912656916e+00
2.632813950848800655e+00 3.742967505130410988e+00 -2.978609757486459841e+00
-5.335033686118548779e+00 6.718378582937380994e-01 3.503327769893648469e+00
1.641322141264636159e+00 4.720406934303463586e+00 -2.741471932514274013e+00
-4.958521151700313823e+00 2.152666213484839552e+00 4.184879322979481842e+00
4.679723698934402876e+00 5.384687774418097206e+00 -1.129139830113673471e+00
3.774248597797718041e-01 3.543091417201736704e+00 -1.701474032173051931e+00
-2.214038953802797138e-01 4.069898511748439418e+00 -6.793624548528678364e-01
2.745132981574286202e+00 4.111989226907009964e+00 -3.306992078996162654e+00
3.210857545363639876e+00 5.049116631380106135e+00 -3.583473625057636003e+00
-4.674895770117358573e+00 8.638337327354652651e-01 6.668572772175846985e+00
2.283577613887493030e-01 3.667433047597790097e+00 -3.842662761916466607e+00
3.961319506085931863e-01 3.790514695315692073e+00 -3.510329745033173854e+00
1.997859165358538025e+00 4.984458338884079076e+00 -8.105890435767733049e-01
3.840550852840675322e+00 5.428275056385325037e+00 -1.964448981393854599e+00
-6.219225275756286031e-01 3.475086925148689332e+00 -2.497149121947598527e+00
2.847755368354630168e+00 5.135937719831264126e+00 -1.311860055109057122e+00
6.647609692284413008e+00 5.921933946373457935e+00 -2.474175152069724160e+00
5.787838772843123536e-02 3.683426608280101711e+00 -2.457553483994558974e-01
6.789714929321726267e-01 4.123922894040132014e+00 -1.567938987113245641e+00
-3.802161686406588359e+00 2.504847871253138791e+00 -2.242150817681585639e+00
-8.546067491747511014e-02 3.772087595421607986e+00 -2.131390372499346153e+00
3.032083751446967401e+00 4.867720260501656959e+00 -1.920835721974394339e+00
4.010902685389838851e+00 5.304987909063035190e+00 1.297677409651644354e+00
2.067642711285867296e+00 4.300007612637789300e+00 -4.017075063076820385e-01
4.715146599883905054e+00 5.150607878167924092e+00 -2.152921207909333390e+00
4.223523571591984549e+00 5.744048178822673378e+00 -2.020116569896723391e+00
3.919892422232240214e+00 4.617794587924471728e+00 -1.153395379524135844e+00
-3.513975954983904249e+00 4.593249020482837786e+00 7.720693067761535744e+00
-3.607381037238013732e+00 2.896235240036177494e+00 5.757120674805812577e+00
1.659512861215618917e+00 4.271876085457472882e+00 -1.551075864965294260e+00
5.330373572251676961e+00 6.127064037608989544e+00 -1.095884340780189703e+00
1.111576354130721089e+00 4.306849983538972637e+00 -2.352501825510609823e+00
-3.593012528208043399e+00 -7.421551531074461749e-01 5.766340935505353649e+00
-6.386748025654802596e-01 2.932901291251864162e+00 6.281766965704393968e-02
2.643321414731541807e+00 4.897579505112775067e+00 -1.631237411512987734e+00
-2.920538239551173199e+00 2.899354567361568158e+00 -9.845851741657574152e-01
-5.239682440256775209e+00 2.851488731485277039e+00 2.857653732999966500e+00
2.375470940192361269e+00 5.487609773989234441e+00 -1.550087659199591350e+00
